80
80
21
56
28
3
24
36
5
40
82
18
20
14
91
89
86
22
3
99
64
28
55
52
37
92
68
31
52
49
25
16
5
32
66
81
37
45
75
52
40
38
61
53
11
64
71
0
30
89
25
61
3
10
5
70
96
90
58
96
41
84
78
26
22
26
46
54
43
17
23
33
41
91
11
54
4
70
90
82
89
6
54
98
43
90
13
20
48
4
70
19
81
43
29
98
66
8
11
55
58
83
73
64
11
43
95
21
24
52
76
99
60
1
64
24
47
73
30
72
46
41
8
80
67
34
44
69
65
24
56
87
97
20
23
31
14
66
61
41
3
43
93
50
34
96
74
97
19
70
40
96
97
1
92
6
32
46
49
71
36
42
92
7
17
43
75
26
72
25
1
56
76
17
73
40
92
13
88
34
72
73
28
38
98
16
26
83
20
42
10
11
23
28
81
23
18
20
28
75
26
47
27
56
92
32
40
77
1
63
90
39
90
18
40
71
41
43
94
45
46
34
53
99
57
12
66
99
2
92
13
8
11
53
31
22
70
52
58
69
58
87
15
0
64
22
25
82
69
1
64
17
35
11
72
77
95
13
39
83
52
78
96
94
53
93
57
86
3
20
20
32
83
56
81
25
63
76
31
86
87
71
20
6
14
4
58
62
84
84
8
74
86
78
4
33
32
45
62
35
91
60
48
13
15
66
51
41
90
53
35
6
90
27
27
10
23
25
3
38
61
0
29
30
65
69
1
33
89
85
16
7
45
4
68
33
23
9
10
97
30
31
83
0
63
75
31
75
76
30
31
61
89
37
74
57
56
37
79
70
56
76
13
28
77
65
70
49
62
74
52
29
3
8
85
94
13
11
29
7
23
88
98
18
22
27
67
84
36
17
66
23
84
82
19
75
13
66
8
50
49
76
22
57
4
88
15
52
41
29
2
24
56
10
24
6
33
3
9
90
52
86
54
74
54
95
23
16
14
75
4
35
19
24
84
21
69
53
83
44
71
51
9
34
12
53
29
90
56
52
86
77
29
66
99
9
33
32
62
99
87
5
44
35
37
56
47
80
76
65
63
37
50
93
93
35
63
20
69
67
51
62
67
99
62
24
25
49
14
7
19
32
5
47
15
17
23
74
37
51
6
99
61
6
14
65
48
5
92
55
93
8
97
46
37
97
24
72
88
85
80
63
93
2
59
69
64
54
84
70
96
34
54
4
48
28
28
73
49
82
20
86
51
88
67
79
26
95
27
35
77
47
40
33
2
22
39
51
13
22
56
34
14
13
50
11
28
15
44
16
51
48
78
14
28
14
92
97
52
9
54
80
10
65
58
19
77
24
77
22
41
97
64
84
65
96
34
92
5
51
70
27
96
48
35
54
5
67
89
33
9
71
66
88
41
8
21
44
98
56
83
81
64
26
24
32
35
42
51
68
79
87
8
25
3
73
2
98
96
63
6
46
47
32
62
81
20
12
41
97
61
21
2
13
62
95
40
16
98
65
57
65
86
80
17
62
76
5
32
51
15
54
74
56
93
33
51
65
65
85
92
25
78
45
24
77
47
90
10
42
5
95
11
98
58
55
43
86
71
42
49
28
72
96
54
48
23
66
48
51
58
39
31
40
77
70
45
9
31
36
21
69
60
85
81
48
95
74
58
70
52
5
84
21
13
12
93
28
65
43
6
0
81
17
77
14
98
25
1
25
59
25
19
26
11
75
13
81
93
1
96
85
40
66
13
71
81
99
0
7
95
96
25
15
49
4
4
12
37
26
35
22
5
21
68
28
94
56
52
8
85
74
6
60
33
53
17
92
52
89
70
14
37
76
4
44
6
88
44
97
99
77
99
3
46
23
33
59
89
5
93
49
97
27
3
21
12
42
16
15
65
82
92
47
63
89
56
48
31
25
22
58
74
97
50
52
55
68
94
59
96
23
30
69
90
38
84
54
77
32
38
9
30
50
77
61
97
25
64
98
70
7
18
45
67
31
88
98
38
28
90
1
27
92
35
79
61
49
12
43
41
44
85
60
18
33
62
41
11
97
89
10
30
61
67
72
67
8
84
48
1
47
22
48
46
16
21
35
32
9
1
63
30
14
4
31
1
42
7
65
89
32
94
44
56
56
66
79
76
74
87
18
14
69
10
97
29
21
8
2
65
33
91
49
26
2
41
95
16
58
59
43
4
52
20
41
86
92
66
0
16
97
16
73
83
10
32
98
73
50
87
27
15
43
47
40
52
20
88
2
65
97
63
75
70
91
14
84
61
9
count:1000
sum:48553.000000
avg:48.553001
max:99
min:0
